206.50    0.00
207.00    0.00
207.50    0.00
208.00    0.00
208.50    0.00
209.00    0.00
209.50    0.00
210.00    0.00
210.50    0.00
211.00    0.00
211.50    0.00
212.00    0.00
212.50    0.00
213.00    0.00
213.50    0.00
214.00    0.00
214.50    0.00
215.00    0.00
215.50    0.00
216.00    0.00
216.50    0.00
217.00    0.00
217.50    0.00
218.00    0.00
218.50    0.00
219.00    0.00
219.50    0.00
220.00    0.00
220.50    0.00
221.00    0.00
221.50    0.00
222.00    0.00
222.50    0.00
223.00    0.00
223.50    0.00
224.00    0.00
224.50    0.00
225.00    0.00
225.50    0.00
226.00    0.00
226.50    0.00
227.00    0.00
227.50    0.00
228.00    0.00
228.50    0.00
229.00    -0.00
229.50    -0.00
230.00    -0.00
230.50    -0.00
231.00    -0.00
231.50    -0.00
232.00    0.00
232.50    0.00
233.00    0.00
233.50    0.00
234.00    0.00
234.50    0.00
235.00    -0.00
235.50    -0.00
236.00    -0.00
236.50    -0.00
237.00    -0.00
237.50    -0.00
238.00    -0.00
238.50    0.00
239.00    0.00
239.50    0.00
240.00    0.00
240.50    0.00
241.00    0.00
241.50    -0.00
242.00    -0.00
242.50    -0.00
243.00    -0.00
243.50    -0.00
244.00    -0.00
244.50    0.00
245.00    0.00
245.50    0.00
246.00    0.00
246.50    0.00
247.00    0.00
247.50    0.00
248.00    -0.00
248.50    -0.00
249.00    -0.00
249.50    -0.00
250.00    -0.00
250.50    -0.00
251.00    0.00
251.50    0.00
252.00    0.00
252.50    0.00
253.00    0.00
253.50    0.00
254.00    -0.00
254.50    -0.00
255.00    -0.00
255.50    -0.00
256.00    -0.00
256.50    -0.00
257.00    -0.00
257.50    0.00
258.00    0.00
258.50    0.00
259.00    0.00
259.50    0.00
260.00    0.00
260.50    -0.00
261.00    -0.00
261.50    -0.00
262.00    -0.00
262.50    -0.00
263.00    -0.00
263.50    0.00
264.00    0.00
264.50    0.00
265.00    0.00
265.50    0.00
266.00    0.00
266.50    0.00
267.00    -0.00
267.50    -0.00
268.00    -0.00
268.50    -0.00
269.00    -0.00
269.50    -0.00
270.00    0.00
270.50    0.00
271.00    0.00
271.50    0.00
272.00    0.00
272.50    0.00
273.00    -0.00
273.50    -0.00
274.00    -0.00
274.50    -0.00
275.00    -0.00
275.50    -0.00
276.00    -0.00
276.50    0.00
277.00    0.00
277.50    0.00
278.00    0.00
278.50    0.00
279.00    0.00
279.50    -0.00
280.00    -0.00
280.50    -0.00
281.00    -0.00
281.50    -0.00
282.00    -0.00
282.50    -0.00
283.00    0.00
283.50    0.00
284.00    0.00
284.50    0.00
285.00    0.00
285.50    0.00
286.00    -0.00
286.50    -0.00
287.00    -0.00
287.50    -0.00
288.00    -0.00
288.50    -0.00
289.00    0.00
289.50    0.00
290.00    0.00
290.50    0.00
291.00    0.00
291.50    0.00
292.00    0.00
292.50    -0.00
293.00    -0.00
293.50    -0.00
294.00    -0.00
294.50    -0.00
295.00    -0.00
295.50    0.00
296.00    0.00
296.50    0.00
297.00    0.00
297.50    0.00
298.00    0.00
298.50    0.01
299.00    0.01
299.50    0.01
300.00    0.01
300.50    0.01
301.00    0.02
301.50    0.02
302.00    0.02
302.50    0.03
303.00    0.03
303.50    0.03
304.00    0.04
304.50    0.04
305.00    0.05
305.50    0.05
306.00    0.05
306.50    0.06
307.00    0.06
307.50    0.07
308.00    0.08
308.50    0.08
309.00    0.09
309.50    0.09
310.00    0.10
310.50    0.11
311.00    0.11
311.50    0.12
312.00    0.12
312.50    0.13
313.00    0.14
313.50    0.15
314.00    0.15
314.50    0.16
315.00    0.17
315.50    0.17
316.00    0.18
316.50    0.19
317.00    0.19
317.50    0.20
318.00    0.20
318.50    0.21
319.00    0.21
319.50    0.22
320.00    0.22
320.50    0.23
321.00    0.23
321.50    0.24
322.00    0.24
322.50    0.25
323.00    0.25
323.50    0.26
324.00    0.27
324.50    0.27
325.00    0.27
325.50    0.28
326.00    0.28
326.50    0.28
327.00    0.29
327.50    0.29
328.00    0.29
328.50    0.30
329.00    0.30
329.50    0.30
330.00    0.30
330.50    0.31
331.00    0.31
331.50    0.31
332.00    0.32
332.50    0.32
333.00    0.32
333.50    0.33
334.00    0.33
334.50    0.33
335.00    0.34
335.50    0.34
336.00    0.34
336.50    0.34
337.00    0.34
337.50    0.35
338.00    0.35
338.50    0.35
339.00    0.35
339.50    0.36
340.00    0.36
340.50    0.36
341.00    0.36
341.50    0.36
342.00    0.36
342.50    0.36
343.00    0.37
343.50    0.37
344.00    0.37
344.50    0.37
345.00    0.37
345.50    0.38
346.00    0.38
346.50    0.38
347.00    0.38
347.50    0.38
348.00    0.39
348.50    0.39
349.00    0.39
349.50    0.39
350.00    0.39
350.50    0.40
351.00    0.40
351.50    0.40
352.00    0.40
352.50    0.40
353.00    0.40
353.50    0.41
354.00    0.41
354.50    0.41
355.00    0.41
355.50    0.41
356.00    0.41
356.50    0.42
357.00    0.42
357.50    0.42
358.00    0.42
358.50    0.42
359.00    0.42
359.50    0.42
360.00    0.42
360.50    0.43
361.00    0.43
361.50    0.43
362.00    0.43
362.50    0.43
363.00    0.44
363.50    0.44
364.00    0.44
364.50    0.44
365.00    0.44
365.50    0.44
366.00    0.45
366.50    0.45
367.00    0.45
367.50    0.45
368.00    0.45
368.50    0.45
369.00    0.46
369.50    0.46
370.00    0.46
370.50    0.46
371.00    0.46
371.50    0.46
372.00    0.46
372.50    0.46
373.00    0.46
373.50    0.47
374.00    0.47
374.50    0.47
375.00    0.47
375.50    0.47
376.00    0.47
376.50    0.47
377.00    0.48
377.50    0.48
378.00    0.48
378.50    0.48
379.00    0.48
379.50    0.48
380.00    0.49
380.50    0.49
381.00    0.49
381.50    0.49
382.00    0.49
382.50    0.49
383.00    0.49
383.50    0.49
384.00    0.49
384.50    0.50
385.00    0.50
385.50    0.50
386.00    0.50
386.50    0.50
387.00    0.50
387.50    0.50
388.00    0.50
388.50    0.50
389.00    0.51
389.50    0.51
390.00    0.51
390.50    0.51
391.00    0.51
391.50    0.51
392.00    0.51
392.50    0.52
393.00    0.52
393.50    0.52
394.00    0.52
394.50    0.52
395.00    0.52
395.50    0.52
396.00    0.52
396.50    0.52
397.00    0.53
397.50    0.53
398.00    0.53
398.50    0.53
399.00    0.53
399.50    0.53
400.00    0.53
400.50    0.54
401.00    0.54
401.50    0.54
402.00    0.54
402.50    0.54
403.00    0.54
403.50    0.54
404.00    0.54
404.50    0.54
405.00    0.55
405.50    0.55
406.00    0.55
406.50    0.55
407.00    0.55
407.50    0.55
408.00    0.55
408.50    0.55
409.00    0.55
409.50    0.56
410.00    0.56
410.50    0.56
411.00    0.56
411.50    0.56
412.00    0.56
412.50    0.56
413.00    0.56
413.50    0.56
414.00    0.56
414.50    0.57
415.00    0.57
415.50    0.57
416.00    0.57
416.50    0.57
417.00    0.57
417.50    0.57
418.00    0.57
418.50    0.57
419.00    0.57
419.50    0.58
420.00    0.58
420.50    0.58
421.00    0.58
421.50    0.58
422.00    0.58
422.50    0.58
423.00    0.58
423.50    0.58
424.00    0.58
424.50    0.58
425.00    0.58
425.50    0.59
426.00    0.59
426.50    0.59
427.00    0.59
427.50    0.59
428.00    0.59
428.50    0.59
429.00    0.59
429.50    0.59
430.00    0.59
430.50    0.59
431.00    0.60
431.50    0.60
432.00    0.60
432.50    0.60
433.00    0.60
433.50    0.60
434.00    0.60
434.50    0.60
435.00    0.60
435.50    0.60
436.00    0.60
436.50    0.61
437.00    0.61
437.50    0.61
438.00    0.61
438.50    0.61
439.00    0.61
439.50    0.61
440.00    0.61
440.50    0.61
441.00    0.61
441.50    0.61
442.00    0.61
442.50    0.61
443.00    0.61
443.50    0.61
444.00    0.61
444.50    0.61
445.00    0.62
445.50    0.62
446.00    0.62
446.50    0.62
447.00    0.62
447.50    0.62
448.00    0.62
448.50    0.62
449.00    0.62
449.50    0.63
450.00    0.63
450.50    0.63
451.00    0.63
451.50    0.63
452.00    0.63
452.50    0.63
453.00    0.63
453.50    0.63
454.00    0.63
454.50    0.63
455.00    0.63
455.50    0.63
456.00    0.63
456.50    0.63
457.00    0.63
457.50    0.63
458.00    0.64
458.50    0.64
459.00    0.64
459.50    0.64
460.00    0.64
460.50    0.64
461.00    0.64
461.50    0.64
462.00    0.64
462.50    0.64
463.00    0.65
463.50    0.65
464.00    0.65
464.50    0.65
465.00    0.65
465.50    0.65
466.00    0.65
466.50    0.65
467.00    0.65
467.50    0.65
468.00    0.65
468.50    0.65
469.00    0.65
469.50    0.65
470.00    0.65
470.50    0.65
471.00    0.65
471.50    0.65
472.00    0.65
472.50    0.66
473.00    0.66
473.50    0.66
474.00    0.66
474.50    0.66
475.00    0.66
475.50    0.66
476.00    0.66
476.50    0.66
477.00    0.66
477.50    0.66
478.00    0.66
478.50    0.66
479.00    0.66
479.50    0.66
480.00    0.66
480.50    0.66
481.00    0.67
481.50    0.67
482.00    0.67
482.50    0.67
483.00    0.67
483.50    0.67
484.00    0.67
484.50    0.66
485.00    0.66
485.50    0.66
486.00    0.67
486.50    0.67
487.00    0.67
487.50    0.67
488.00    0.67
488.50    0.67
489.00    0.68
489.50    0.68
490.00    0.68
490.50    0.68
491.00    0.68
491.50    0.68
492.00    0.68
492.50    0.68
493.00    0.68
493.50    0.68
494.00    0.68
494.50    0.68
495.00    0.68
495.50    0.68
496.00    0.68
496.50    0.68
497.00    0.68
497.50    0.68
498.00    0.68
498.50    0.68
499.00    0.68
499.50    0.68
500.00    0.68
500.50    0.68
501.00    0.68
501.50    0.68
502.00    0.68
502.50    0.68
503.00    0.68
503.50    0.68
504.00    0.68
504.50    0.68
505.00    0.68
505.50    0.68
506.00    0.68
506.50    0.68
507.00    0.68
507.50    0.68
508.00    0.68
508.50    0.68
509.00    0.68
509.50    0.68
510.00    0.68
510.50    0.69
511.00    0.69
511.50    0.69
512.00    0.69
512.50    0.69
513.00    0.69
513.50    0.69
514.00    0.69
514.50    0.69
515.00    0.69
515.50    0.69
516.00    0.70
516.50    0.70
517.00    0.70
517.50    0.70
518.00    0.70
518.50    0.70
519.00    0.70
519.50    0.70
520.00    0.70
520.50    0.70
521.00    0.70
521.50    0.70
522.00    0.70
522.50    0.70
523.00    0.70
523.50    0.70
524.00    0.70
524.50    0.70
525.00    0.70
525.50    0.70
526.00    0.70
526.50    0.70
527.00    0.70
527.50    0.70
528.00    0.70
528.50    0.70
529.00    0.70
529.50    0.70
530.00    0.70
530.50    0.70
531.00    0.70
531.50    0.70
532.00    0.70
532.50    0.70
533.00    0.70
533.50    0.70
534.00    0.70
534.50    0.70
535.00    0.71
535.50    0.71
536.00    0.71
536.50    0.71
537.00    0.71
537.50    0.71
538.00    0.71
538.50    0.70
539.00    0.70
539.50    0.70
540.00    0.70
540.50    0.70
541.00    0.70
541.50    0.70
542.00    0.70
542.50    0.71
543.00    0.71
543.50    0.71
544.00    0.71
544.50    0.71
545.00    0.71
545.50    0.71
546.00    0.71
546.50    0.71
547.00    0.71
547.50    0.71
548.00    0.71
548.50    0.71
549.00    0.71
549.50    0.71
550.00    0.71
550.50    0.71
551.00    0.71
551.50    0.71
552.00    0.71
552.50    0.71
553.00    0.71
553.50    0.71
554.00    0.71
554.50    0.71
555.00    0.71
555.50    0.71
556.00    0.71
556.50    0.71
557.00    0.71
557.50    0.71
558.00    0.71
558.50    0.71
559.00    0.71
559.50    0.71
560.00    0.71
560.50    0.71
561.00    0.71
561.50    0.71
562.00    0.71
562.50    0.71
563.00    0.71
563.50    0.71
564.00    0.71
564.50    0.71
565.00    0.71
565.50    0.71
566.00    0.71
566.50    0.71
567.00    0.71
567.50    0.71
568.00    0.71
568.50    0.71
569.00    0.71
569.50    0.71
570.00    0.71
570.50    0.71
571.00    0.71
571.50    0.71
572.00    0.71
572.50    0.71
573.00    0.71
573.50    0.71
574.00    0.71
574.50    0.71
575.00    0.71
575.50    0.71
576.00    0.71
576.50    0.71
577.00    0.71
577.50    0.71
578.00    0.71
578.50    0.71
579.00    0.71
579.50    0.71
580.00    0.71
580.50    0.71
581.00    0.71
581.50    0.71
582.00    0.71
582.50    0.72
583.00    0.72
583.50    0.72
584.00    0.72
584.50    0.72
585.00    0.72
585.50    0.72
586.00    0.72
586.50    0.72
587.00    0.72
587.50    0.71
588.00    0.71
588.50    0.71
589.00    0.71
589.50    0.71
590.00    0.70
590.50    0.70
591.00    0.70
591.50    0.70
592.00    0.69
592.50    0.69
593.00    0.69
593.50    0.69
594.00    0.69
594.50    0.69
595.00    0.69
595.50    0.69
596.00    0.69
596.50    0.69
597.00    0.69
597.50    0.70
598.00    0.70
598.50    0.70
599.00    0.70
599.50    0.71
600.00    0.71
600.50    0.71
601.00    0.71
601.50    0.71
602.00    0.71
602.50    0.72
603.00    0.72
603.50    0.72
604.00    0.72
604.50    0.72
605.00    0.72
605.50    0.73
606.00    0.73
606.50    0.73
607.00    0.73
607.50    0.73
608.00    0.73
608.50    0.73
609.00    0.74
609.50    0.74
610.00    0.74
610.50    0.74
611.00    0.74
611.50    0.74
612.00    0.74
612.50    0.74
613.00    0.74
613.50    0.74
614.00    0.74
614.50    0.74
615.00    0.74
615.50    0.74
616.00    0.74
616.50    0.74
617.00    0.74
617.50    0.74
618.00    0.74
618.50    0.74
619.00    0.74
619.50    0.74
620.00    0.74
620.50    0.74
621.00    0.74
621.50    0.74
622.00    0.74
622.50    0.74
623.00    0.75
623.50    0.75
624.00    0.75
624.50    0.75
625.00    0.75
625.50    0.75
626.00    0.74
626.50    0.74
627.00    0.74
627.50    0.73
628.00    0.73
628.50    0.73
629.00    0.73
629.50    0.73
630.00    0.73
630.50    0.73
631.00    0.74
631.50    0.74
632.00    0.74
632.50    0.74
633.00    0.74
633.50    0.74
634.00    0.74
634.50    0.74
635.00    0.74
635.50    0.74
636.00    0.74
636.50    0.74
637.00    0.75
637.50    0.75
638.00    0.75
638.50    0.75
639.00    0.75
639.50    0.75
640.00    0.75
640.50    0.75
641.00    0.75
641.50    0.76
642.00    0.76
642.50    0.76
643.00    0.76
643.50    0.76
644.00    0.76
644.50    0.76
645.00    0.75
645.50    0.75
646.00    0.74
646.50    0.74
647.00    0.74
647.50    0.74
648.00    0.73
648.50    0.73
649.00    0.74
649.50    0.74
650.00    0.74
650.50    0.74
651.00    0.74
651.50    0.74
652.00    0.74
652.50    0.74
653.00    0.73
653.50    0.73
654.00    0.73
654.50    0.73
655.00    0.74
655.50    0.74
656.00    0.74
656.50    0.74
657.00    0.75
657.50    0.75
658.00    0.75
658.50    0.75
659.00    0.75
659.50    0.76
660.00    0.76
660.50    0.76
661.00    0.76
661.50    0.76
662.00    0.76
662.50    0.76
663.00    0.76
663.50    0.76
664.00    0.76
664.50    0.76
665.00    0.77
665.50    0.77
666.00    0.77
666.50    0.77
667.00    0.78
667.50    0.78
668.00    0.78
668.50    0.78
669.00    0.78
669.50    0.78
670.00    0.78
670.50    0.78
671.00    0.78
671.50    0.78
672.00    0.78
672.50    0.78
673.00    0.78
673.50    0.78
674.00    0.78
674.50    0.78
675.00    0.78
675.50    0.78
676.00    0.78
676.50    0.78
677.00    0.78
677.50    0.78
678.00    0.78
678.50    0.78
679.00    0.78
679.50    0.78
680.00    0.78
680.50    0.78
681.00    0.78
681.50    0.78
682.00    0.77
682.50    0.77
683.00    0.77
683.50    0.77
684.00    0.77
684.50    0.77
685.00    0.77
685.50    0.77
686.00    0.77
686.50    0.77
687.00    0.78
687.50    0.78
688.00    0.78
688.50    0.78
689.00    0.78
689.50    0.77
690.00    0.76
690.50    0.74
691.00    0.73
691.50    0.72
692.00    0.71
692.50    0.70
693.00    0.70
693.50    0.69
694.00    0.69
694.50    0.70
695.00    0.70
695.50    0.71
696.00    0.71
696.50    0.72
697.00    0.73
697.50    0.73
698.00    0.74
698.50    0.74
699.00    0.74
699.50    0.74
700.00    0.74
700.50    0.74
701.00    0.74
701.50    0.74
702.00    0.74
702.50    0.74
703.00    0.74
703.50    0.74
704.00    0.74
704.50    0.74
705.00    0.74
705.50    0.74
706.00    0.74
706.50    0.75
707.00    0.75
707.50    0.75
708.00    0.75
708.50    0.75
709.00    0.75
709.50    0.75
710.00    0.76
710.50    0.76
711.00    0.76
711.50    0.77
712.00    0.77
712.50    0.78
713.00    0.78
713.50    0.78
714.00    0.77
714.50    0.76
715.00    0.74
715.50    0.72
716.00    0.70
716.50    0.69
717.00    0.68
717.50    0.67
718.00    0.67
718.50    0.68
719.00    0.69
719.50    0.69
720.00    0.70
720.50    0.70
721.00    0.70
721.50    0.70
722.00    0.69
722.50    0.69
723.00    0.68
723.50    0.67
724.00    0.67
724.50    0.66
725.00    0.65
725.50    0.64
726.00    0.64
726.50    0.63
727.00    0.62
727.50    0.61
728.00    0.61
728.50    0.61
729.00    0.61
729.50    0.61
730.00    0.62
730.50    0.63
731.00    0.64
731.50    0.64
732.00    0.65
732.50    0.66
733.00    0.67
733.50    0.67
734.00    0.67
734.50    0.67
735.00    0.67
735.50    0.68
736.00    0.68
736.50    0.68
737.00    0.69
737.50    0.70
738.00    0.72
738.50    0.73
739.00    0.74
739.50    0.75
740.00    0.76
740.50    0.76
741.00    0.76
741.50    0.77
742.00    0.77
742.50    0.77
743.00    0.77
743.50    0.77
744.00    0.78
744.50    0.78
745.00    0.79
745.50    0.79
746.00    0.79
746.50    0.79
747.00    0.80
747.50    0.80
748.00    0.80
748.50    0.80
749.00    0.80
749.50    0.80
750.00    0.80
750.50    0.80
751.00    0.81
751.50    0.81
752.00    0.81
752.50    0.81
753.00    0.81
753.50    0.81
754.00    0.81
754.50    0.81
755.00    0.81
755.50    0.81
756.00    0.81
756.50    0.80
757.00    0.80
757.50    0.79
758.00    0.78
758.50    0.76
759.00    0.73
759.50    0.70
760.00    0.67
760.50    0.63
761.00    0.60
761.50    0.57
762.00    0.55
762.50    0.54
763.00    0.53
763.50    0.52
764.00    0.52
764.50    0.53
765.00    0.53
765.50    0.54
766.00    0.54
766.50    0.55
767.00    0.56
767.50    0.57
768.00    0.58
768.50    0.59
769.00    0.60
769.50    0.62
770.00    0.64
770.50    0.65
771.00    0.67
771.50    0.69
772.00    0.71
772.50    0.73
773.00    0.75
773.50    0.77
774.00    0.78
774.50    0.80
775.00    0.80
775.50    0.81
776.00    0.81
776.50    0.81
777.00    0.81
777.50    0.81
778.00    0.81
778.50    0.81
779.00    0.81
779.50    0.81
780.00    0.81
780.50    0.81
781.00    0.81
781.50    0.81
782.00    0.81
782.50    0.81
783.00    0.81
783.50    0.81
784.00    0.81
784.50    0.81
785.00    0.81
785.50    0.81
786.00    0.81
786.50    0.81
787.00    0.81
787.50    0.80
788.00    0.80
788.50    0.80
789.00    0.80
789.50    0.79
790.00    0.79
790.50    0.79
791.00    0.79
791.50    0.79
792.00    0.79
792.50    0.79
793.00    0.79
793.50    0.79
794.00    0.79
794.50    0.79
795.00    0.78
795.50    0.78
796.00    0.78
796.50    0.78
797.00    0.78
797.50    0.78
798.00    0.78
798.50    0.79
799.00    0.79
799.50    0.79
800.00    0.79
800.50    0.79
801.00    0.79
801.50    0.79
802.00    0.78
802.50    0.78
803.00    0.78
803.50    0.78
804.00    0.78
804.50    0.78
805.00    0.79
805.50    0.79
806.00    0.79
806.50    0.79
807.00    0.79
807.50    0.79
808.00    0.79
808.50    0.78
809.00    0.78
809.50    0.78
810.00    0.77
810.50    0.77
811.00    0.76
811.50    0.76
812.00    0.75
812.50    0.74
813.00    0.73
813.50    0.72
814.00    0.70
814.50    0.69
815.00    0.68
815.50    0.67
816.00    0.66
816.50    0.66
817.00    0.65
817.50    0.65
818.00    0.64
818.50    0.64
819.00    0.63
819.50    0.62
820.00    0.60
820.50    0.59
821.00    0.58
821.50    0.58
822.00    0.57
822.50    0.58
823.00    0.59
823.50    0.60
824.00    0.61
824.50    0.62
825.00    0.63
825.50    0.64
826.00    0.63
826.50    0.63
827.00    0.63
827.50    0.62
828.00    0.62
828.50    0.62
829.00    0.63
829.50    0.64
830.00    0.65
830.50    0.66
831.00    0.67
831.50    0.68
832.00    0.69
832.50    0.69
833.00    0.69
833.50    0.69
834.00    0.69
834.50    0.70
835.00    0.70
835.50    0.70
836.00    0.71
836.50    0.71
837.00    0.72
837.50    0.73
838.00    0.73
838.50    0.74
839.00    0.75
839.50    0.75
840.00    0.76
840.50    0.76
841.00    0.77
841.50    0.77
842.00    0.78
842.50    0.78
843.00    0.79
843.50    0.79
844.00    0.79
844.50    0.79
845.00    0.80
845.50    0.80
846.00    0.80
846.50    0.80
847.00    0.80
847.50    0.80
848.00    0.80
848.50    0.81
849.00    0.81
849.50    0.81
850.00    0.81
850.50    0.82
851.00    0.82
851.50    0.82
852.00    0.82
852.50    0.82
853.00    0.82
853.50    0.82
854.00    0.82
854.50    0.82
855.00    0.82
855.50    0.82
856.00    0.82
856.50    0.82
857.00    0.82
857.50    0.82
858.00    0.82
858.50    0.82
859.00    0.82
859.50    0.82
860.00    0.82
860.50    0.82
861.00    0.82
861.50    0.82
862.00    0.82
862.50    0.82
863.00    0.82
863.50    0.82
864.00    0.82
864.50    0.82
865.00    0.83
865.50    0.83
866.00    0.83
866.50    0.83
867.00    0.83
867.50    0.83
868.00    0.83
868.50    0.83
869.00    0.83
869.50    0.83
870.00    0.83
870.50    0.83
871.00    0.83
871.50    0.83
872.00    0.83
872.50    0.83
873.00    0.83
873.50    0.83
874.00    0.83
874.50    0.83
875.00    0.83
875.50    0.83
876.00    0.83
876.50    0.83
877.00    0.83
877.50    0.83
878.00    0.83
878.50    0.83
879.00    0.83
879.50    0.83
880.00    0.83
880.50    0.83
881.00    0.83
881.50    0.83
882.00    0.83
882.50    0.83
883.00    0.83
883.50    0.83
884.00    0.83
884.50    0.83
885.00    0.83
885.50    0.83
886.00    0.83
886.50    0.83
887.00    0.83
887.50    0.82
888.00    0.82
888.50    0.82
889.00    0.82
889.50    0.82
890.00    0.82
890.50    0.82
891.00    0.82
891.50    0.81
892.00    0.81
892.50    0.80
893.00    0.79
893.50    0.78
894.00    0.76
894.50    0.75
895.00    0.74
895.50    0.72
896.00    0.71
896.50    0.70
897.00    0.69
897.50    0.68
898.00    0.67
898.50    0.65
899.00    0.64
899.50    0.63
900.00    0.62
900.50    0.61
901.00    0.61
901.50    0.61
902.00    0.61
902.50    0.62
903.00    0.63
903.50    0.64
904.00    0.64
904.50    0.64
905.00    0.64
905.50    0.63
906.00    0.62
906.50    0.61
907.00    0.59
907.50    0.59
908.00    0.59
908.50    0.59
909.00    0.60
909.50    0.61
910.00    0.62
910.50    0.63
911.00    0.63
911.50    0.62
912.00    0.60
912.50    0.59
913.00    0.57
913.50    0.55
914.00    0.53
914.50    0.52
915.00    0.52
915.50    0.52
916.00    0.52
916.50    0.52
917.00    0.53
917.50    0.54
918.00    0.55
918.50    0.57
919.00    0.58
919.50    0.59
920.00    0.60
920.50    0.60
921.00    0.60
921.50    0.60
922.00    0.59
922.50    0.59
923.00    0.59
923.50    0.59
924.00    0.60
924.50    0.61
925.00    0.62
925.50    0.63
926.00    0.63
926.50    0.63
927.00    0.62
927.50    0.59
928.00    0.57
928.50    0.53
929.00    0.50
929.50    0.46
930.00    0.44
930.50    0.42
931.00    0.40
931.50    0.39
932.00    0.38
932.50    0.37
933.00    0.36
933.50    0.34
934.00    0.32
934.50    0.30
935.00    0.27
935.50    0.25
936.00    0.23
936.50    0.21
937.00    0.20
937.50    0.20
938.00    0.20
938.50    0.20
939.00    0.20
939.50    0.19
940.00    0.19
940.50    0.18
941.00    0.17
941.50    0.16
942.00    0.16
942.50    0.16
943.00    0.17
943.50    0.19
944.00    0.21
944.50    0.23
945.00    0.25
945.50    0.26
946.00    0.27
946.50    0.27
947.00    0.26
947.50    0.25
948.00    0.24
948.50    0.23
949.00    0.22
949.50    0.22
950.00    0.22
950.50    0.22
951.00    0.22
951.50    0.23
952.00    0.23
952.50    0.23
953.00    0.24
953.50    0.24
954.00    0.24
954.50    0.24
955.00    0.25
955.50    0.25
956.00    0.26
956.50    0.26
957.00    0.27
957.50    0.28
958.00    0.28
958.50    0.29
959.00    0.30
959.50    0.30
960.00    0.31
960.50    0.31
961.00    0.32
961.50    0.32
962.00    0.32
962.50    0.33
963.00    0.33
963.50    0.34
964.00    0.35
964.50    0.36
965.00    0.37
965.50    0.39
966.00    0.41
966.50    0.43
967.00    0.45
967.50    0.46
968.00    0.48
968.50    0.49
969.00    0.49
969.50    0.49
970.00    0.49
970.50    0.50
971.00    0.50
971.50    0.51
972.00    0.52
972.50    0.53
973.00    0.54
973.50    0.56
974.00    0.57
974.50    0.58
975.00    0.59
975.50    0.60
976.00    0.61
976.50    0.61
977.00    0.61
977.50    0.61
978.00    0.61
978.50    0.61
979.00    0.60
979.50    0.60
980.00    0.60
980.50    0.60
981.00    0.61
981.50    0.61
982.00    0.62
982.50    0.63
983.00    0.65
983.50    0.66
984.00    0.67
984.50    0.68
985.00    0.70
985.50    0.71
986.00    0.72
986.50    0.73
987.00    0.73
987.50    0.74
988.00    0.75
988.50    0.75
989.00    0.76
989.50    0.76
990.00    0.77
990.50    0.77
991.00    0.78
991.50    0.78
992.00    0.79
992.50    0.80
993.00    0.80
993.50    0.81
994.00    0.81
994.50    0.81
995.00    0.82
995.50    0.82
996.00    0.82
996.50    0.82
997.00    0.82
997.50    0.82
998.00    0.82
998.50    0.83
999.00    0.83
999.50    0.83
1000.00    0.83
1000.50    0.83
1001.00    0.83
1001.50    0.83
1002.00    0.83
1002.50    0.83
1003.00    0.83
1003.50    0.83
1004.00    0.83
1004.50    0.83
1005.00    0.83
1005.50    0.83
1006.00    0.83
1006.50    0.83
1007.00    0.83
1007.50    0.83
1008.00    0.83
1008.50    0.83
1009.00    0.83
1009.50    0.83
1010.00    0.83
1010.50    0.83
1011.00    0.83
1011.50    0.83
1012.00    0.83
1012.50    0.83
1013.00    0.83
1013.50    0.83
1014.00    0.83
1014.50    0.83
1015.00    0.83
1015.50    0.83
1016.00    0.83
1016.50    0.83
1017.00    0.83
1017.50    0.84
1018.00    0.84
1018.50    0.84
1019.00    0.84
1019.50    0.84
1020.00    0.84
1020.50    0.84
1021.00    0.84
1021.50    0.84
1022.00    0.84
1022.50    0.84
1023.00    0.84
1023.50    0.84
1024.00    0.84
1024.50    0.84
1025.00    0.84
1025.50    0.84
1026.00    0.84
1026.50    0.84
1027.00    0.84
1027.50    0.84
1028.00    0.84
1028.50    0.84
1029.00    0.84
1029.50    0.84
1030.00    0.84
1030.50    0.84
1031.00    0.84
1031.50    0.84
1032.00    0.84
1032.50    0.84
1033.00    0.84
1033.50    0.85
1034.00    0.85
1034.50    0.85
1035.00    0.85
1035.50    0.85
1036.00    0.85
1036.50    0.85
1037.00    0.85
1037.50    0.85
1038.00    0.85
1038.50    0.85
1039.00    0.85
1039.50    0.85
1040.00    0.85
1040.50    0.85
1041.00    0.85
1041.50    0.85
1042.00    0.85
1042.50    0.85
1043.00    0.85
1043.50    0.85
1044.00    0.85
1044.50    0.85
1045.00    0.85
1045.50    0.85
1046.00    0.85
1046.50    0.85
1047.00    0.85
1047.50    0.85
1048.00    0.85
1048.50    0.85
1049.00    0.85
1049.50    0.85
1050.00    0.85
1050.50    0.85
1051.00    0.85
1051.50    0.85
1052.00    0.85
1052.50    0.85
1053.00    0.85
1053.50    0.85
1054.00    0.85
1054.50    0.85
1055.00    0.85
1055.50    0.85
1056.00    0.85
1056.50    0.85
1057.00    0.84
1057.50    0.84
1058.00    0.84
1058.50    0.84
1059.00    0.84
1059.50    0.84
1060.00    0.84
1060.50    0.84
1061.00    0.84
1061.50    0.84
1062.00    0.84
1062.50    0.84
1063.00    0.84
1063.50    0.84
1064.00    0.84
1064.50    0.84
1065.00    0.84
1065.50    0.84
1066.00    0.84
1066.50    0.84
1067.00    0.83
1067.50    0.83
1068.00    0.83
1068.50    0.83
1069.00    0.83
1069.50    0.83
1070.00    0.83
1070.50    0.83
1071.00    0.83
1071.50    0.83
1072.00    0.83
1072.50    0.83
1073.00    0.83
1073.50    0.83
1074.00    0.83
1074.50    0.83
1075.00    0.83
1075.50    0.83
1076.00    0.83
1076.50    0.82
1077.00    0.82
1077.50    0.82
1078.00    0.82
1078.50    0.82
1079.00    0.82
1079.50    0.82
1080.00    0.82
1080.50    0.82
1081.00    0.82
1081.50    0.82
1082.00    0.82
1082.50    0.81
1083.00    0.81
1083.50    0.81
1084.00    0.80
1084.50    0.80
1085.00    0.80
1085.50    0.80
1086.00    0.79
1086.50    0.79
1087.00    0.80
1087.50    0.80
1088.00    0.80
1088.50    0.80
1089.00    0.80
1089.50    0.79
1090.00    0.79
1090.50    0.79
1091.00    0.78
1091.50    0.78
1092.00    0.77
1092.50    0.77
1093.00    0.77
1093.50    0.76
1094.00    0.76
1094.50    0.75
1095.00    0.75
1095.50    0.75
1096.00    0.74
1096.50    0.74
1097.00    0.73
1097.50    0.73
1098.00    0.72
1098.50    0.71
1099.00    0.70
1099.50    0.69
1100.00    0.68
1100.50    0.67
1101.00    0.66
1101.50    0.65
1102.00    0.64
1102.50    0.64
1103.00    0.63
1103.50    0.63
1104.00    0.62
1104.50    0.61
1105.00    0.61
1105.50    0.60
1106.00    0.59
1106.50    0.59
1107.00    0.58
1107.50    0.57
1108.00    0.57
1108.50    0.56
1109.00    0.55
1109.50    0.54
1110.00    0.53
1110.50    0.52
1111.00    0.50
1111.50    0.49
1112.00    0.47
1112.50    0.45
1113.00    0.43
1113.50    0.41
1114.00    0.39
1114.50    0.38
1115.00    0.36
1115.50    0.35
1116.00    0.34
1116.50    0.33
1117.00    0.31
1117.50    0.30
1118.00    0.28
1118.50    0.26
1119.00    0.25
1119.50    0.23
1120.00    0.21
1120.50    0.19
1121.00    0.18
1121.50    0.16
1122.00    0.15
1122.50    0.14
1123.00    0.13
1123.50    0.12
1124.00    0.11
1124.50    0.10
1125.00    0.09
1125.50    0.09
1126.00    0.09
1126.50    0.09
1127.00    0.09
1127.50    0.09
1128.00    0.09
1128.50    0.09
1129.00    0.09
1129.50    0.09
1130.00    0.08
1130.50    0.08
1131.00    0.08
1131.50    0.07
1132.00    0.07
1132.50    0.06
1133.00    0.06
1133.50    0.05
1134.00    0.05
1134.50    0.05
1135.00    0.05
1135.50    0.05
1136.00    0.06
1136.50    0.07
1137.00    0.10
1137.50    0.13
1138.00    0.17
1138.50    0.20
1139.00    0.23
1139.50    0.25
1140.00    0.26
1140.50    0.25
1141.00    0.25
1141.50    0.24
1142.00    0.22
1142.50    0.20
1143.00    0.19
1143.50    0.18
1144.00    0.17
1144.50    0.16
1145.00    0.16
1145.50    0.15
1146.00    0.16
1146.50    0.16
1147.00    0.16
1147.50    0.17
1148.00    0.17
1148.50    0.17
1149.00    0.17
1149.50    0.17
1150.00    0.16
1150.50    0.15
1151.00    0.14
1151.50    0.14
1152.00    0.14
1152.50    0.14
1153.00    0.15
1153.50    0.17
1154.00    0.19
1154.50    0.20
1155.00    0.22
1155.50    0.24
1156.00    0.25
1156.50    0.27
1157.00    0.28
1157.50    0.29
1158.00    0.30
1158.50    0.31
1159.00    0.33
1159.50    0.34
1160.00    0.35
1160.50    0.37
1161.00    0.38
1161.50    0.38
1162.00    0.39
1162.50    0.39
1163.00    0.39
1163.50    0.39
1164.00    0.39
1164.50    0.40
1165.00    0.41
1165.50    0.43
1166.00    0.46
1166.50    0.48
1167.00    0.51
1167.50    0.53
1168.00    0.55
1168.50    0.57
1169.00    0.58
1169.50    0.58
1170.00    0.58
1170.50    0.58
1171.00    0.58
1171.50    0.58
1172.00    0.58
1172.50    0.59
1173.00    0.59
1173.50    0.60
1174.00    0.60
1174.50    0.61
1175.00    0.62
1175.50    0.62
1176.00    0.63
1176.50    0.64
1177.00    0.64
1177.50    0.64
1178.00    0.64
1178.50    0.64
1179.00    0.64
1179.50    0.64
1180.00    0.63
1180.50    0.63
1181.00    0.63
1181.50    0.63
1182.00    0.63
1182.50    0.63
1183.00    0.63
1183.50    0.64
1184.00    0.64
1184.50    0.64
1185.00    0.64
1185.50    0.65
1186.00    0.65
1186.50    0.65
1187.00    0.65
1187.50    0.65
1188.00    0.65
1188.50    0.66
1189.00    0.66
1189.50    0.66
1190.00    0.66
1190.50    0.67
1191.00    0.67
1191.50    0.67
1192.00    0.67
1192.50    0.67
1193.00    0.67
1193.50    0.68
1194.00    0.68
1194.50    0.69
1195.00    0.69
1195.50    0.69
1196.00    0.69
1196.50    0.69
1197.00    0.69
1197.50    0.69
1198.00    0.68
1198.50    0.68
1199.00    0.67
1199.50    0.67
1200.00    0.67
1200.50    0.67
1201.00    0.67
1201.50    0.67
1202.00    0.67
1202.50    0.67
1203.00    0.67
1203.50    0.68
1204.00    0.68
1204.50    0.68
1205.00    0.69
1205.50    0.69
1206.00    0.69
1206.50    0.69
1207.00    0.68
1207.50    0.68
1208.00    0.68
1208.50    0.67
1209.00    0.67
1209.50    0.67
1210.00    0.68
1210.50    0.68
1211.00    0.69
1211.50    0.70
1212.00    0.70
1212.50    0.71
1213.00    0.71
1213.50    0.71
1214.00    0.71
1214.50    0.71
1215.00    0.71
1215.50    0.72
1216.00    0.72
1216.50    0.72
1217.00    0.73
1217.50    0.73
1218.00    0.74
1218.50    0.74
1219.00    0.74
1219.50    0.75
1220.00    0.75
1220.50    0.75
1221.00    0.75
1221.50    0.75
1222.00    0.76
1222.50    0.76
1223.00    0.77
1223.50    0.77
1224.00    0.77
1224.50    0.78
1225.00    0.78
1225.50    0.78
1226.00    0.78
1226.50    0.78
1227.00    0.78
1227.50    0.78
1228.00    0.78
1228.50    0.78
1229.00    0.78
1229.50    0.79
1230.00    0.79
1230.50    0.80
1231.00    0.81
1231.50    0.81
1232.00    0.81
1232.50    0.81
1233.00    0.81
1233.50    0.82
1234.00    0.82
1234.50    0.82
1235.00    0.82
1235.50    0.82
1236.00    0.83
1236.50    0.83
1237.00    0.83
1237.50    0.84
1238.00    0.84
1238.50    0.84
1239.00    0.84
1239.50    0.84
1240.00    0.84
1240.50    0.84
1241.00    0.84
1241.50    0.84
1242.00    0.84
1242.50    0.84
1243.00    0.84
1243.50    0.85
1244.00    0.85
1244.50    0.85
1245.00    0.85
1245.50    0.85
1246.00    0.85
1246.50    0.85
1247.00    0.85
1247.50    0.85
1248.00    0.85
1248.50    0.85
1249.00    0.85
1249.50    0.85
1250.00    0.85
1250.50    0.85
1251.00    0.84
1251.50    0.84
1252.00    0.84
1252.50    0.84
1253.00    0.84
1253.50    0.84
1254.00    0.84
1254.50    0.84
1255.00    0.83
1255.50    0.83
1256.00    0.83
1256.50    0.83
1257.00    0.83
1257.50    0.83
1258.00    0.83
1258.50    0.82
1259.00    0.82
1259.50    0.82
1260.00    0.81
1260.50    0.81
1261.00    0.81
1261.50    0.80
1262.00    0.80
1262.50    0.79
1263.00    0.79
1263.50    0.78
1264.00    0.78
1264.50    0.78
1265.00    0.78
1265.50    0.77
1266.00    0.77
1266.50    0.76
1267.00    0.76
1267.50    0.75
1268.00    0.74
1268.50    0.74
1269.00    0.74
1269.50    0.73
1270.00    0.73
1270.50    0.74
1271.00    0.74
1271.50    0.74
1272.00    0.75
1272.50    0.75
1273.00    0.75
1273.50    0.75
1274.00    0.75
1274.50    0.75
1275.00    0.75
1275.50    0.75
1276.00    0.75
1276.50    0.76
1277.00    0.76
1277.50    0.77
1278.00    0.78
1278.50    0.79
1279.00    0.80
1279.50    0.80
1280.00    0.81
1280.50    0.81
1281.00    0.82
1281.50    0.82
1282.00    0.82
1282.50    0.82
1283.00    0.82
1283.50    0.82
1284.00    0.82
1284.50    0.82
1285.00    0.82
1285.50    0.82
1286.00    0.82
1286.50    0.82
1287.00    0.82
1287.50    0.81
1288.00    0.81
1288.50    0.81
1289.00    0.82
1289.50    0.82
1290.00    0.82
1290.50    0.82
1291.00    0.82
1291.50    0.82
1292.00    0.82
1292.50    0.81
1293.00    0.81
1293.50    0.80
1294.00    0.80
1294.50    0.79
1295.00    0.79
1295.50    0.78
1296.00    0.78
1296.50    0.78
1297.00    0.78
1297.50    0.78
1298.00    0.78
1298.50    0.77
1299.00    0.77
1299.50    0.76
1300.00    0.76
1300.50    0.75
1301.00    0.74
1301.50    0.74
1302.00    0.73
1302.50    0.72
1303.00    0.71
1303.50    0.71
1304.00    0.70
1304.50    0.70
1305.00    0.70
1305.50    0.69
1306.00    0.69
1306.50    0.69
1307.00    0.69
1307.50    0.69
1308.00    0.68
1308.50    0.68
1309.00    0.67
1309.50    0.67
1310.00    0.66
1310.50    0.65
1311.00    0.63
1311.50    0.62
1312.00    0.61
1312.50    0.60
1313.00    0.59
1313.50    0.58
1314.00    0.58
1314.50    0.58
1315.00    0.58
1315.50    0.58
1316.00    0.59
1316.50    0.59
1317.00    0.59
1317.50    0.58
1318.00    0.57
1318.50    0.56
1319.00    0.54
1319.50    0.53
1320.00    0.52
1320.50    0.51
1321.00    0.51
1321.50    0.51
1322.00    0.51
1322.50    0.52
1323.00    0.52
1323.50    0.53
1324.00    0.53
1324.50    0.53
1325.00    0.52
1325.50    0.51
1326.00    0.50
1326.50    0.48
1327.00    0.46
1327.50    0.44
1328.00    0.41
1328.50    0.39
1329.00    0.37
1329.50    0.35
1330.00    0.34
1330.50    0.34
1331.00    0.35
1331.50    0.35
1332.00    0.36
1332.50    0.37
1333.00    0.37
1333.50    0.36
1334.00    0.35
1334.50    0.34
1335.00    0.33
1335.50    0.31
1336.00    0.30
1336.50    0.29
1337.00    0.28
1337.50    0.27
1338.00    0.27
1338.50    0.27
1339.00    0.27
1339.50    0.27
1340.00    0.27
1340.50    0.27
1341.00    0.27
1341.50    0.27
1342.00    0.26
1342.50    0.26
1343.00    0.24
1343.50    0.23
1344.00    0.21
1344.50    0.19
1345.00    0.17
1345.50    0.16
1346.00    0.15
1346.50    0.14
1347.00    0.14
1347.50    0.14
1348.00    0.13
1348.50    0.13
1349.00    0.12
1349.50    0.11
1350.00    0.10
1350.50    0.08
1351.00    0.07
1351.50    0.06
1352.00    0.04
1352.50    0.03
1353.00    0.02
1353.50    0.02
1354.00    0.01
1354.50    0.01
1355.00    0.01
1355.50    0.01
1356.00    0.00
1356.50    0.00
1357.00    0.00
1357.50    0.00
1358.00    0.00
1358.50    -0.00
1359.00    -0.00
1359.50    -0.00
1360.00    -0.00
1360.50    -0.00
1361.00    -0.00
1361.50    -0.00
1362.00    0.00
1362.50    0.00
1363.00    0.00
1363.50    0.00
1364.00    0.00
1364.50    0.00
1365.00    -0.00
1365.50    -0.00
1366.00    -0.00
1366.50    -0.00
1367.00    -0.00
1367.50    -0.00
1368.00    0.00
1368.50    0.00
1369.00    0.00
1369.50    0.00
1370.00    0.00
1370.50    0.00
1371.00    0.00
1371.50    -0.00
1372.00    -0.00
1372.50    -0.00
1373.00    -0.00
1373.50    -0.00
1374.00    -0.00
1374.50    0.00
1375.00    0.00
1375.50    0.00
1376.00    0.00
1376.50    0.00
1377.00    0.00
1377.50    -0.00
1378.00    -0.00
1378.50    -0.00
1379.00    -0.00
1379.50    -0.00
1380.00    -0.00
1380.50    -0.00
1381.00    0.00
1381.50    0.00
1382.00    0.00
1382.50    0.00
1383.00    0.00
1383.50    0.00
1384.00    -0.00
1384.50    -0.00
1385.00    -0.00
1385.50    0.00
1386.00    0.00
1386.50    0.00
1387.00    -0.00
1387.50    -0.00
1388.00    -0.00
1388.50    -0.00
1389.00    -0.00
1389.50    -0.00
1390.00    -0.00
1390.50    0.00
1391.00    0.00
1391.50    0.00
1392.00    0.00
1392.50    0.00
1393.00    0.00
1393.50    -0.00
1394.00    -0.00
1394.50    -0.00
1395.00    -0.00
1395.50    -0.00
1396.00    -0.00
1396.50    0.00
1397.00    0.00
1397.50    0.00
1398.00    0.00
1398.50    0.00
1399.00    0.00
1399.50    0.00
1400.00    -0.00
1400.50    -0.00
1401.00    -0.00
1401.50    -0.00
1402.00    -0.00
1402.50    -0.00
1403.00    0.00
1403.50    0.00
1404.00    0.00
1404.50    0.00
1405.00    0.00
1405.50    0.00
1406.00    -0.00
1406.50    -0.00
1407.00    -0.00
1407.50    -0.00
1408.00    -0.00
1408.50    -0.00
1409.00    -0.00
1409.50    0.00
1410.00    0.00
1410.50    0.00
1411.00    0.00
1411.50    0.00
1412.00    0.00
1412.50    0.00
1413.00    0.00
1413.50    0.00
1414.00    0.00
1414.50    0.00
1415.00    0.00
1415.50    0.00
1416.00    0.00
1416.50    0.00
1417.00    0.00
1417.50    0.00
1418.00    0.00
1418.50    0.00
1419.00    0.00
1419.50    0.01
1420.00    0.01
1420.50    0.01
1421.00    0.01
1421.50    0.01
1422.00    0.01
1422.50    0.01
1423.00    0.01
1423.50    0.01
1424.00    0.01
1424.50    0.01
1425.00    0.01
1425.50    0.01
1426.00    0.01
1426.50    0.02
1427.00    0.02
1427.50    0.02
1428.00    0.02
1428.50    0.03
1429.00    0.03
1429.50    0.03
1430.00    0.03
1430.50    0.02
1431.00    0.02
1431.50    0.02
1432.00    0.02
1432.50    0.02
1433.00    0.02
1433.50    0.03
1434.00    0.03
1434.50    0.03
1435.00    0.03
1435.50    0.03
1436.00    0.03
1436.50    0.03
1437.00    0.03
1437.50    0.03
1438.00    0.03
1438.50    0.03
1439.00    0.03
1439.50    0.03
1440.00    0.03
1440.50    0.03
1441.00    0.03
1441.50    0.03
1442.00    0.04
1442.50    0.04
1443.00    0.04
1443.50    0.04
1444.00    0.04
1444.50    0.04
1445.00    0.04
1445.50    0.04
1446.00    0.04
1446.50    0.04
1447.00    0.04
1447.50    0.04
1448.00    0.04
1448.50    0.04
1449.00    0.04
1449.50    0.05
1450.00    0.05
1450.50    0.05
1451.00    0.05
1451.50    0.06
1452.00    0.07
1452.50    0.07
1453.00    0.08
1453.50    0.08
1454.00    0.08
1454.50    0.08
1455.00    0.08
1455.50    0.07
1456.00    0.07
1456.50    0.07
1457.00    0.08
1457.50    0.08
1458.00    0.09
1458.50    0.10
1459.00    0.11
1459.50    0.12
1460.00    0.13
1460.50    0.13
1461.00    0.13
1461.50    0.13
1462.00    0.13
1462.50    0.13
1463.00    0.13
1463.50    0.13
1464.00    0.13
1464.50    0.13
1465.00    0.13
1465.50    0.13
1466.00    0.13
1466.50    0.12
1467.00    0.12
1467.50    0.11
1468.00    0.10
1468.50    0.09
1469.00    0.08
1469.50    0.07
1470.00    0.06
1470.50    0.06
1471.00    0.06
1471.50    0.06
1472.00    0.07
1472.50    0.08
1473.00    0.09
1473.50    0.11
1474.00    0.13
1474.50    0.15
1475.00    0.16
1475.50    0.17
1476.00    0.17
1476.50    0.17
1477.00    0.16
1477.50    0.14
1478.00    0.13
1478.50    0.12
1479.00    0.11
1479.50    0.11
1480.00    0.12
1480.50    0.13
1481.00    0.14
1481.50    0.15
1482.00    0.16
1482.50    0.17
1483.00    0.16
1483.50    0.16
1484.00    0.15
1484.50    0.15
1485.00    0.14
1485.50    0.14
1486.00    0.14
1486.50    0.15
1487.00    0.16
1487.50    0.18
1488.00    0.20
1488.50    0.22
1489.00    0.24
1489.50    0.27
1490.00    0.30
1490.50    0.32
1491.00    0.34
1491.50    0.35
1492.00    0.36
1492.50    0.36
1493.00    0.36
1493.50    0.36
1494.00    0.35
1494.50    0.35
1495.00    0.35
1495.50    0.36
1496.00    0.37
1496.50    0.39
1497.00    0.41
1497.50    0.43
1498.00    0.45
1498.50    0.47
1499.00    0.49
1499.50    0.51
1500.00    0.52
1500.50    0.53
1501.00    0.53
1501.50    0.53
1502.00    0.53
1502.50    0.52
1503.00    0.51
1503.50    0.50
1504.00    0.50
1504.50    0.51
1505.00    0.52
1505.50    0.54
1506.00    0.56
1506.50    0.58
1507.00    0.60
1507.50    0.61
1508.00    0.62
1508.50    0.61
1509.00    0.61
1509.50    0.60
1510.00    0.59
1510.50    0.58
1511.00    0.59
1511.50    0.59
1512.00    0.61
1512.50    0.62
1513.00    0.64
1513.50    0.65
1514.00    0.66
1514.50    0.66
1515.00    0.67
1515.50    0.67
1516.00    0.67
1516.50    0.67
1517.00    0.67
1517.50    0.68
1518.00    0.68
1518.50    0.68
1519.00    0.68
1519.50    0.69
1520.00    0.69
1520.50    0.70
1521.00    0.71
1521.50    0.73
1522.00    0.75
1522.50    0.77
1523.00    0.78
1523.50    0.79
1524.00    0.79
1524.50    0.79
1525.00    0.78
1525.50    0.77
1526.00    0.77
1526.50    0.76
1527.00    0.76
1527.50    0.76
1528.00    0.76
1528.50    0.77
1529.00    0.77
1529.50    0.78
1530.00    0.79
1530.50    0.79
1531.00    0.79
1531.50    0.79
1532.00    0.79
1532.50    0.79
1533.00    0.79
1533.50    0.79
1534.00    0.79
1534.50    0.80
1535.00    0.80
1535.50    0.80
1536.00    0.80
1536.50    0.81
1537.00    0.81
1537.50    0.82
1538.00    0.82
1538.50    0.83
1539.00    0.83
1539.50    0.84
1540.00    0.84
1540.50    0.84
1541.00    0.84
1541.50    0.83
1542.00    0.83
1542.50    0.83
1543.00    0.83
1543.50    0.83
1544.00    0.83
1544.50    0.84
1545.00    0.84
1545.50    0.84
1546.00    0.84
1546.50    0.84
1547.00    0.84
1547.50    0.84
1548.00    0.84
1548.50    0.85
1549.00    0.85
1549.50    0.85
1550.00    0.85
1550.50    0.85
1551.00    0.85
1551.50    0.85
1552.00    0.85
1552.50    0.85
1553.00    0.85
1553.50    0.86
1554.00    0.86
1554.50    0.86
1555.00    0.86
1555.50    0.86
1556.00    0.86
1556.50    0.86
1557.00    0.86
1557.50    0.86
1558.00    0.86
1558.50    0.86
1559.00    0.86
1559.50    0.86
1560.00    0.86
1560.50    0.86
1561.00    0.86
1561.50    0.86
1562.00    0.86
1562.50    0.86
1563.00    0.86
1563.50    0.86
1564.00    0.86
1564.50    0.86
1565.00    0.86
1565.50    0.87
1566.00    0.87
1566.50    0.86
1567.00    0.86
1567.50    0.86
1568.00    0.86
1568.50    0.85
1569.00    0.84
1569.50    0.84
1570.00    0.83
1570.50    0.83
1571.00    0.82
1571.50    0.82
1572.00    0.83
1572.50    0.83
1573.00    0.83
1573.50    0.83
1574.00    0.83
1574.50    0.83
1575.00    0.82
1575.50    0.81
1576.00    0.81
1576.50    0.80
1577.00    0.80
1577.50    0.80
1578.00    0.80
1578.50    0.80
1579.00    0.80
1579.50    0.81
1580.00    0.81
1580.50    0.81
1581.00    0.82
1581.50    0.82
1582.00    0.83
1582.50    0.83
1583.00    0.84
1583.50    0.84
1584.00    0.84
1584.50    0.85
1585.00    0.85
1585.50    0.85
1586.00    0.84
1586.50    0.84
1587.00    0.84
1587.50    0.84
1588.00    0.84
1588.50    0.85
1589.00    0.85
1589.50    0.85
1590.00    0.86
1590.50    0.86
1591.00    0.86
1591.50    0.86
1592.00    0.86
1592.50    0.86
1593.00    0.86
1593.50    0.86
1594.00    0.86
1594.50    0.86
1595.00    0.86
1595.50    0.86
1596.00    0.86
1596.50    0.86
1597.00    0.86
1597.50    0.86
1598.00    0.86
1598.50    0.86
1599.00    0.86
1599.50    0.85
1600.00    0.85
1600.50    0.84
1601.00    0.83
1601.50    0.83
1602.00    0.82
1602.50    0.82
1603.00    0.81
1603.50    0.82
1604.00    0.82
1604.50    0.82
1605.00    0.82
1605.50    0.83
1606.00    0.83
1606.50    0.83
1607.00    0.83
1607.50    0.82
1608.00    0.82
1608.50    0.82
1609.00    0.81
1609.50    0.82
1610.00    0.82
1610.50    0.82
1611.00    0.82
1611.50    0.83
1612.00    0.83
1612.50    0.83
1613.00    0.83
1613.50    0.83
1614.00    0.83
1614.50    0.83
1615.00    0.83
1615.50    0.83
1616.00    0.84
1616.50    0.84
1617.00    0.84
1617.50    0.84
1618.00    0.85
1618.50    0.85
1619.00    0.85
1619.50    0.86
1620.00    0.86
1620.50    0.86
1621.00    0.86
1621.50    0.86
1622.00    0.87
1622.50    0.87
1623.00    0.87
1623.50    0.87
1624.00    0.87
1624.50    0.87
1625.00    0.87
1625.50    0.87
1626.00    0.87
1626.50    0.87
1627.00    0.87
1627.50    0.87
1628.00    0.87
1628.50    0.87
1629.00    0.87
1629.50    0.87
1630.00    0.87
1630.50    0.87
1631.00    0.87
1631.50    0.87
1632.00    0.87
1632.50    0.87
1633.00    0.87
1633.50    0.87
1634.00    0.87
1634.50    0.87
1635.00    0.87
1635.50    0.87
1636.00    0.87
1636.50    0.87
1637.00    0.87
1637.50    0.86
1638.00    0.86
1638.50    0.86
1639.00    0.86
1639.50    0.86
1640.00    0.86
1640.50    0.86
1641.00    0.86
1641.50    0.86
1642.00    0.85
1642.50    0.85
1643.00    0.85
1643.50    0.85
1644.00    0.85
1644.50    0.85
1645.00    0.85
1645.50    0.85
1646.00    0.85
1646.50    0.85
1647.00    0.85
1647.50    0.85
1648.00    0.85
1648.50    0.85
1649.00    0.85
1649.50    0.85
1650.00    0.85
1650.50    0.85
1651.00    0.85
1651.50    0.85
1652.00    0.85
1652.50    0.85
1653.00    0.85
1653.50    0.85
1654.00    0.85
1654.50    0.85
1655.00    0.85
1655.50    0.85
1656.00    0.85
1656.50    0.85
1657.00    0.85
1657.50    0.85
1658.00    0.85
1658.50    0.85
1659.00    0.85
1659.50    0.85
1660.00    0.85
1660.50    0.85
1661.00    0.85
1661.50    0.85
1662.00    0.85
1662.50    0.85
1663.00    0.85
1663.50    0.85
1664.00    0.84
1664.50    0.84
1665.00    0.84
1665.50    0.83
1666.00    0.83
1666.50    0.83
1667.00    0.83
1667.50    0.84
1668.00    0.84
1668.50    0.84
1669.00    0.84
1669.50    0.84
1670.00    0.84
1670.50    0.84
1671.00    0.84
1671.50    0.84
1672.00    0.83
1672.50    0.83
1673.00    0.83
1673.50    0.84
1674.00    0.84
1674.50    0.84
1675.00    0.85
1675.50    0.85
1676.00    0.85
1676.50    0.86
1677.00    0.86
1677.50    0.86
1678.00    0.86
1678.50    0.86
1679.00    0.86
1679.50    0.86
1680.00    0.86
1680.50    0.86
1681.00    0.86
1681.50    0.86
1682.00    0.86
1682.50    0.86
1683.00    0.86
1683.50    0.86
1684.00    0.86
1684.50    0.86
1685.00    0.86
1685.50    0.86
1686.00    0.86
1686.50    0.86
1687.00    0.86
1687.50    0.86
1688.00    0.86
1688.50    0.85
1689.00    0.85
1689.50    0.84
1690.00    0.83
1690.50    0.83
1691.00    0.82
1691.50    0.82
1692.00    0.82
1692.50    0.82
1693.00    0.83
1693.50    0.83
1694.00    0.84
1694.50    0.84
1695.00    0.84
1695.50    0.84
1696.00    0.83
1696.50    0.82
1697.00    0.82
1697.50    0.81
1698.00    0.81
1698.50    0.80
1699.00    0.81
1699.50    0.81
1700.00    0.81
1700.50    0.82
1701.00    0.82
1701.50    0.83
1702.00    0.83
1702.50    0.83
1703.00    0.83
1703.50    0.83
1704.00    0.82
1704.50    0.82
1705.00    0.82
1705.50    0.81
1706.00    0.81
1706.50    0.80
1707.00    0.80
1707.50    0.80
1708.00    0.80
1708.50    0.80
1709.00    0.80
1709.50    0.81
1710.00    0.81
1710.50    0.81
1711.00    0.82
1711.50    0.82
1712.00    0.82
1712.50    0.82
1713.00    0.82
1713.50    0.82
1714.00    0.83
1714.50    0.83
1715.00    0.83
1715.50    0.84
1716.00    0.84
1716.50    0.83
1717.00    0.83
1717.50    0.82
1718.00    0.81
1718.50    0.81
1719.00    0.80
1719.50    0.79
1720.00    0.78
1720.50    0.77
1721.00    0.77
1721.50    0.76
1722.00    0.75
1722.50    0.74
1723.00    0.74
1723.50    0.74
1724.00    0.73
1724.50    0.74
1725.00    0.74
1725.50    0.75
1726.00    0.75
1726.50    0.75
1727.00    0.75
1727.50    0.74
1728.00    0.74
1728.50    0.73
1729.00    0.72
1729.50    0.71
1730.00    0.71
1730.50    0.71
1731.00    0.71
1731.50    0.72
1732.00    0.73
1732.50    0.73
1733.00    0.74
1733.50    0.74
1734.00    0.75
1734.50    0.75
1735.00    0.75
1735.50    0.75
1736.00    0.74
1736.50    0.74
1737.00    0.73
1737.50    0.73
1738.00    0.72
1738.50    0.71
1739.00    0.71
1739.50    0.70
1740.00    0.70
1740.50    0.69
1741.00    0.68
1741.50    0.68
1742.00    0.68
1742.50    0.68
1743.00    0.68
1743.50    0.68
1744.00    0.68
1744.50    0.68
1745.00    0.68
1745.50    0.68
1746.00    0.67
1746.50    0.66
1747.00    0.66
1747.50    0.65
1748.00    0.64
1748.50    0.63
1749.00    0.62
1749.50    0.61
1750.00    0.60
1750.50    0.59
1751.00    0.59
1751.50    0.59
1752.00    0.59
1752.50    0.60
1753.00    0.61
1753.50    0.64
1754.00    0.66
1754.50    0.67
1755.00    0.68
1755.50    0.68
1756.00    0.67
1756.50    0.65
1757.00    0.63
1757.50    0.61
1758.00    0.59
1758.50    0.57
1759.00    0.57
1759.50    0.57
1760.00    0.56
1760.50    0.56
1761.00    0.56
1761.50    0.56
1762.00    0.57
1762.50    0.57
1763.00    0.57
1763.50    0.57
1764.00    0.58
1764.50    0.58
1765.00    0.59
1765.50    0.59
1766.00    0.60
1766.50    0.60
1767.00    0.60
1767.50    0.60
1768.00    0.60
1768.50    0.59
1769.00    0.58
1769.50    0.57
1770.00    0.56
1770.50    0.55
1771.00    0.55
1771.50    0.54
1772.00    0.54
1772.50    0.54
1773.00    0.53
1773.50    0.53
1774.00    0.53
1774.50    0.52
1775.00    0.51
1775.50    0.49
1776.00    0.48
1776.50    0.46
1777.00    0.45
1777.50    0.43
1778.00    0.42
1778.50    0.41
1779.00    0.40
1779.50    0.39
1780.00    0.39
1780.50    0.39
1781.00    0.39
1781.50    0.40
1782.00    0.40
1782.50    0.40
1783.00    0.40
1783.50    0.39
1784.00    0.38
1784.50    0.35
1785.00    0.32
1785.50    0.29
1786.00    0.26
1786.50    0.23
1787.00    0.21
1787.50    0.20
1788.00    0.19
1788.50    0.18
1789.00    0.18
1789.50    0.17
1790.00    0.17
1790.50    0.17
1791.00    0.17
1791.50    0.17
1792.00    0.17
1792.50    0.18
1793.00    0.18
1793.50    0.19
1794.00    0.21
1794.50    0.22
1795.00    0.24
1795.50    0.24
1796.00    0.24
1796.50    0.23
1797.00    0.22
1797.50    0.21
1798.00    0.19
1798.50    0.17
1799.00    0.15
1799.50    0.13
1800.00    0.12
1800.50    0.10
1801.00    0.08
1801.50    0.06
1802.00    0.05
1802.50    0.04
1803.00    0.02
1803.50    0.02
1804.00    0.02
1804.50    0.03
1805.00    0.05
1805.50    0.06
1806.00    0.06
1806.50    0.06
1807.00    0.06
1807.50    0.05
1808.00    0.04
1808.50    0.03
1809.00    0.02
1809.50    0.02
1810.00    0.02
1810.50    0.01
1811.00    0.01
1811.50    0.02
1812.00    0.02
1812.50    0.02
1813.00    0.02
1813.50    0.02
1814.00    0.02
1814.50    0.02
1815.00    0.02
1815.50    0.02
1816.00    0.01
1816.50    0.01
1817.00    0.01
1817.50    0.01
1818.00    0.01
1818.50    0.01
1819.00    0.01
1819.50    0.01
1820.00    0.01
1820.50    0.01
1821.00    0.01
1821.50    0.01
1822.00    0.00
1822.50    0.00
1823.00    0.00
1823.50    0.00
1824.00    0.00
1824.50    0.00
1825.00    0.00
1825.50    0.00
1826.00    0.00
1826.50    0.00
1827.00    0.00
1827.50    0.00
1828.00    0.00
1828.50    0.00
1829.00    0.00
1829.50    0.00
1830.00    0.00
1830.50    0.00
1831.00    0.00
1831.50    -0.00
1832.00    -0.00
1832.50    -0.00
1833.00    -0.00
1833.50    -0.00
1834.00    -0.00
1834.50    0.00
1835.00    0.00
1835.50    0.00
1836.00    0.00
1836.50    0.00
1837.00    0.00
1837.50    0.00
1838.00    -0.00
1838.50    -0.00
1839.00    -0.00
1839.50    -0.00
1840.00    -0.00
1840.50    -0.00
1841.00    0.00
1841.50    0.00
1842.00    0.00
1842.50    0.00
1843.00    0.00
1843.50    0.00
1844.00    -0.00
1844.50    -0.00
1845.00    -0.00
1845.50    -0.00
1846.00    -0.00
1846.50    -0.00
1847.00    -0.00
1847.50    0.00
1848.00    0.00
1848.50    0.00
1849.00    0.00
1849.50    0.00
1850.00    0.00
1850.50    -0.00
1851.00    -0.00
1851.50    -0.00
1852.00    -0.00
1852.50    -0.00
1853.00    -0.00
1853.50    0.00
1854.00    0.00
1854.50    0.00
1855.00    0.00
1855.50    0.00
1856.00    0.00
1856.50    0.00
1857.00    -0.00
1857.50    -0.00
1858.00    -0.00
1858.50    -0.00
1859.00    -0.00
1859.50    -0.00
1860.00    0.00
1860.50    0.00
1861.00    0.00
1861.50    0.00
1862.00    0.00
1862.50    0.00
1863.00    0.00
1863.50    -0.00
1864.00    -0.00
1864.50    -0.00
1865.00    -0.00
1865.50    -0.00
1866.00    -0.00
1866.50    0.00
1867.00    0.00
1867.50    0.00
1868.00    0.00
1868.50    0.00
1869.00    0.00
1869.50    -0.00
1870.00    -0.00
1870.50    -0.00
1871.00    -0.00
1871.50    -0.00
1872.00    -0.00
1872.50    -0.00
1873.00    0.00
1873.50    0.00
1874.00    0.00
1874.50    0.00
1875.00    0.00
1875.50    0.00
1876.00    -0.00
1876.50    -0.00
1877.00    -0.00
1877.50    -0.00
1878.00    -0.00
1878.50    -0.00
1879.00    0.00
1879.50    0.00
1880.00    0.00
1880.50    0.00
1881.00    0.00
1881.50    0.00
1882.00    -0.00
1882.50    0.00
1883.00    0.00
1883.50    0.00
1884.00    0.00
1884.50    0.00
1885.00    0.00
1885.50    -0.00
1886.00    -0.00
1886.50    -0.00
1887.00    -0.00
1887.50    -0.00
1888.00    -0.00
1888.50    0.00
1889.00    0.00
1889.50    0.00
1890.00    0.00
1890.50    0.00
1891.00    0.00
1891.50    0.00
1892.00    -0.00
1892.50    -0.00
1893.00    -0.00
1893.50    -0.00
1894.00    -0.00
1894.50    -0.00
1895.00    0.00
1895.50    0.00
1896.00    0.00
1896.50    0.00
1897.00    0.00
1897.50    0.00
1898.00    -0.00
1898.50    -0.00
1899.00    -0.00
1899.50    -0.00
1900.00    -0.00
1900.50    -0.00
1901.00    -0.00
1901.50    0.00
1902.00    0.00
1902.50    0.00
1903.00    0.00
1903.50    0.00
1904.00    0.00
1904.50    -0.00
1905.00    -0.00
1905.50    -0.00
1906.00    -0.00
1906.50    -0.00
1907.00    -0.00
1907.50    0.00
1908.00    0.00
1908.50    0.00
1909.00    0.00
1909.50    0.00
1910.00    0.00
1910.50    0.00
1911.00    -0.00
1911.50    -0.00
1912.00    -0.00
1912.50    -0.00
1913.00    -0.00
1913.50    -0.00
1914.00    0.00
1914.50    0.00
1915.00    0.00
1915.50    0.00
1916.00    0.00
1916.50    0.00
1917.00    -0.00
1917.50    -0.00
1918.00    -0.00
1918.50    -0.00
1919.00    -0.00
1919.50    -0.00
1920.00    -0.00
1920.50    0.00
1921.00    0.00
1921.50    0.00
1922.00    0.00
1922.50    0.00
1923.00    0.00
1923.50    -0.00
1924.00    -0.00
1924.50    -0.00
1925.00    -0.00
1925.50    -0.00
1926.00    -0.00
1926.50    0.00
1927.00    0.00
1927.50    0.00
1928.00    0.00
1928.50    0.00
1929.00    0.00
1929.50    0.00
1930.00    -0.00
1930.50    -0.00
1931.00    -0.00
1931.50    -0.00
1932.00    -0.00
1932.50    -0.00
1933.00    0.00
1933.50    0.00
1934.00    0.00
1934.50    0.00
1935.00    0.00
1935.50    0.00
1936.00    0.01
1936.50    0.01
1937.00    0.01
1937.50    0.01
1938.00    0.01
1938.50    0.01
1939.00    0.01
1939.50    0.01
1940.00    0.01
1940.50    0.01
1941.00    0.01
1941.50    0.01
1942.00    0.01
1942.50    0.01
1943.00    0.01
1943.50    0.01
1944.00    0.01
1944.50    0.01
1945.00    0.01
1945.50    0.01
1946.00    0.01
1946.50    0.01
1947.00    0.02
1947.50    0.02
1948.00    0.02
1948.50    0.03
1949.00    0.03
1949.50    0.04
1950.00    0.04
1950.50    0.05
1951.00    0.05
1951.50    0.05
1952.00    0.05
1952.50    0.05
1953.00    0.05
1953.50    0.04
1954.00    0.04
1954.50    0.04
1955.00    0.03
1955.50    0.04
1956.00    0.04
1956.50    0.04
1957.00    0.05
1957.50    0.05
1958.00    0.06
1958.50    0.06
1959.00    0.07
1959.50    0.07
1960.00    0.07
1960.50    0.07
1961.00    0.07
1961.50    0.06
1962.00    0.06
1962.50    0.05
1963.00    0.05
1963.50    0.04
1964.00    0.05
1964.50    0.06
1965.00    0.07
1965.50    0.10
1966.00    0.12
1966.50    0.15
1967.00    0.17
1967.50    0.19
1968.00    0.20
1968.50    0.20
1969.00    0.19
1969.50    0.18
1970.00    0.17
1970.50    0.16
1971.00    0.16
1971.50    0.17
1972.00    0.19
1972.50    0.20
1973.00    0.23
1973.50    0.25
1974.00    0.28
1974.50    0.30
1975.00    0.32
1975.50    0.34
1976.00    0.35
1976.50    0.36
1977.00    0.37
1977.50    0.37
1978.00    0.36
1978.50    0.35
1979.00    0.35
1979.50    0.34
1980.00    0.34
1980.50    0.35
1981.00    0.37
1981.50    0.39
1982.00    0.41
1982.50    0.43
1983.00    0.45
1983.50    0.46
1984.00    0.46
1984.50    0.44
1985.00    0.43
1985.50    0.41
1986.00    0.40
1986.50    0.39
1987.00    0.39
1987.50    0.40
1988.00    0.43
1988.50    0.45
1989.00    0.48
1989.50    0.51
1990.00    0.53
1990.50    0.55
1991.00    0.56
1991.50    0.56
1992.00    0.56
1992.50    0.56
1993.00    0.55
1993.50    0.54
1994.00    0.53
1994.50    0.52
1995.00    0.50
1995.50    0.49
1996.00    0.48
1996.50    0.47
1997.00    0.47
1997.50    0.46
1998.00    0.46
1998.50    0.45
1999.00    0.44
1999.50    0.44
2000.00    0.42
